kp_yaw_rate: 0.1
c1: -0.015904017857142856 
c2: 0.14764237226922938
c3: 0.46560357142857145
so3_cmd_timeout: 0.1
thrust_pwm_max: 60000
thrust_pwm_min: 10000